




                                                          BALCONY
                                                   cc 1 2 3 4 5 6 7 8 cc
                                     BB 6 7 8 9 10 11 12 13 14 15 16 17 18 19 20 21 22 23 BB
           BALCONY                       AA 21 22 23 24 25 26 27 28 29 30 31 32 33 AA
          BB     AA               ⎯⎯⎯⎯⎯⎯⎯⎯⎯⎯⎯⎯⎯⎯⎯⎯⎯⎯⎯⎯⎯⎯⎯⎯⎯⎯⎯⎯⎯⎯⎯⎯⎯⎯⎯⎯
          5      20   ┃          STALLS                                                           STALLS
          4      19   ┃                              Q 1 2 3 4 5 6 7 8 9 10 Q
          3      18   ┃                             P 1 2 3 4 5 6 7 8 9 10 11 P
          2      17   ┃                O 1 2 3 4 * 5 6 7 8 9 10 11 12 13 14 15 16 !
          1      16   ┃                                                             17 18 19 20 O
                 15   ┃                         4 5 6 7 8 9 10 11 12 13 14 15 16
                 14   ┃                N 1 2 3                                    17 18 19 N
                 13   ┃                           3 4 5 6 7 8 9 10 11 12 13 14
                 12   ┃                     M 1 2                                 15 16 M
                 11   ┃
                 10   ┃                        4 5 6 7 8 9 10 11 12 13 14 15 16
                 9    ┃                L    M 1 2                                 M 17 18 L
                 8    ┃                         4 5 6 7 8 9 10 11 12 13 14 15 16
                 7    ┃               K    M 1 2                                 M 17 18 K
                 6    ┃                         4 5 6 7 8 9 10 11 12 13 14 15 16
                 5    ┃                J   M 1 2                                  M 17 18 J
                 *    ┃                         4 5 6 7 8 9 10 11 12 13 14 15 16
                 *    ┃                H   M 1 2                                  M 17 18 H
                 *    ┃                         4 5 6 7 8 9 10 11 12 13 14 15 16
                 *    ┃                G   M 1 2                                  M 17 18 G
                 4    ┃                         4 5 6 7 8 9 10 11 12 13 14 15 16
                 3    ┃                F   M 1 2                                  M 17 18 F
                 2    ┃                         4 5 6 7 8 9 10 11 12 13 14 15 16
                 1    ┃                E   M 1 2                                  M 17 18 E
                 AA   ┃                         4 5 6 7 8 9 10 11 12 13 14 15 16
                      ┃                D   M 1 2                                  M 17 18 D
                      ┃                         4 5 6 7 8 9 10 11 12 13 14 15 16
                      ┃                C   M 1 2                                  M 17 18 C
                      ┃                         4 5 6 7 8 9 10 11 12 13 14 15 16
                      ┃                B   M 1 2                                  M 17 18 B
                      ┃                         4 5 6 7 8 9 10 11 12 13 14 15 16
                      ┃                A   M 1 2                                  M 17 18 A


                                            ┃⎯⎯⎯⎯⎯⎯⎯⎯⎯⎯⎯⎯⎯⎯⎯⎯⎯⎯⎯⎯⎯⎯⎯┃
                                                            STAGE
                                           ┃⎯⎯⎯⎯⎯⎯⎯⎯⎯⎯⎯⎯⎯⎯⎯⎯⎯⎯⎯⎯⎯⎯⎯┃



